45
4
3
10	12	8	10	10	12	8	6	10	12	8	10	12	10	8	16	22	16	10	14	18	16	14	12	10	8	14	16	12	10	12	8	6	10	12	14	10	12	10	8	12	10	12	8	10
90	60	75	60	80	70	45	30	60	90	50	60	75	60	45	90	90	60	60	75	90	60	80	60	45	30	75	90	60	45	60	45	30	50	60	75	60	60	45	30	60	45	60	45	50
60	50	70	60	70	60	50	40	60	80	50	60	70	50	40	80	90	70	60	70	80	70	80	60	50	40	70	80	60	50	60	50	30	50	60	70	60	60	50	40	60	50	60	50	60
40	50	30	60	40	50	70	60	50	30	50	40	30	60	70	20	30	40	50	40	30	50	20	60	70	80	30	20	50	60	40	50	70	60	50	40	50	60	70	80	50	60	40	50	50
1	1	1	1	1	1	1	1	1	1	1	1	1	1	1	0	0	0	0	0	0	0	0	0	0	0	0	0	0	0	0	0	0	0	0	0	0	0	0	0	0	0	0	0	0
0	0	0	0	0	0	0	0	0	0	0	0	0	0	0	1	1	1	1	1	1	1	1	1	1	1	1	1	1	1	0	0	0	0	0	0	0	0	0	0	0	0	0	0	0
0	0	0	0	0	0	0	0	0	0	0	0	0	0	0	0	0	0	0	0	0	0	0	0	0	0	0	0	0	0	1	1	1	1	1	1	1	1	1	1	1	1	1	1	1
